% number of repeats:% 3
% enter first, last, inc:% 48 480 48 
data = [
%  n          reference      |         current implementation 
%        time       GFLOPS   |    time       GFLOPS     diff 
   480 3.2851e-02 6.7329e+00    4.5193e-01 4.8942e-01 3.5527e-13
   432 6.9435e-03 2.3222e+01    2.0883e-01 7.7213e-01 3.1264e-13
   384 4.4955e-03 2.5191e+01    3.2911e-01 3.4409e-01 1.9895e-13
   336 2.6942e-03 2.8159e+01    8.4112e-02 9.0196e-01 1.7053e-13
   288 1.6916e-03 2.8242e+01    5.8735e-02 8.1341e-01 1.1369e-13
   240 8.9736e-04 3.0810e+01    2.5517e-02 1.0835e+00 4.2633e-14
   192 4.6608e-04 3.0372e+01    1.7883e-02 7.9159e-01 2.8422e-14
   144 1.9852e-04 3.0082e+01    3.6400e-03 1.6407e+00 2.8422e-14
    96 6.6132e-05 2.6757e+01    1.3214e-03 1.3391e+00 1.4211e-14
    48 2.4408e-05 9.0619e+00    1.9817e-04 1.1161e+00 7.1054e-15
];

% Maximum difference between reference and your implementation: 3.552714e-13.
