% number of repeats:% 3
% enter first, last, inc:% 48 480 48 
data = [
%  n          reference      |         current implementation 
%        time       GFLOPS   |    time       GFLOPS     diff 
   480 1.0025e-02 2.2064e+01    2.9634e-01 7.4639e-01 3.5527e-13
   432 7.0104e-03 2.3000e+01    1.6725e-01 9.6409e-01 3.1264e-13
   384 4.5502e-03 2.4888e+01    1.1931e-01 9.4921e-01 1.9895e-13
   336 2.7791e-03 2.7299e+01    6.6877e-02 1.1344e+00 1.7053e-13
   288 1.7313e-03 2.7595e+01    4.0524e-02 1.1790e+00 1.1369e-13
   240 9.3262e-04 2.9645e+01    2.3488e-02 1.1771e+00 4.2633e-14
   192 4.8355e-04 2.9275e+01    1.2111e-02 1.1689e+00 2.8422e-14
   144 2.2829e-04 2.6159e+01    4.6553e-03 1.2828e+00 2.8422e-14
    96 7.2213e-05 2.4504e+01    1.3734e-03 1.2883e+00 1.4211e-14
    48 1.5514e-05 1.4257e+01    1.3243e-04 1.6703e+00 7.1054e-15
];

% Maximum difference between reference and your implementation: 3.552714e-13.
