% number of repeats:% 3
% enter first, last, inc:% 48 480 48 
data = [
%  n          reference      |         current implementation 
%        time       GFLOPS   |    time       GFLOPS     diff 
   480 1.0120e-02 2.1857e+01    4.1849e-01 5.2853e-01 3.5527e-13
   432 6.4415e-03 2.5032e+01    2.1753e-01 7.4126e-01 3.1264e-13
   384 4.3273e-03 2.6170e+01    3.2405e-01 3.4947e-01 1.9895e-13
   336 2.6843e-03 2.8263e+01    8.6829e-02 8.7374e-01 1.7053e-13
   288 1.6433e-03 2.9074e+01    5.8935e-02 8.1065e-01 1.1369e-13
   240 8.9185e-04 3.1001e+01    2.5483e-02 1.0849e+00 4.2633e-14
   192 8.2050e-04 1.7253e+01    2.0377e-02 6.9469e-01 2.8422e-14
   144 2.3322e-04 2.5606e+01    3.8977e-03 1.5322e+00 2.8422e-14
    96 6.9445e-05 2.5480e+01    1.2531e-03 1.4121e+00 1.4211e-14
    48 1.5036e-05 1.4710e+01    1.0416e-04 2.1234e+00 7.1054e-15
];

% Maximum difference between reference and your implementation: 3.552714e-13.
