% number of repeats:% 3
% enter first, last, inc:% 48 480 48 
data = [
%  n          reference      |         current implementation 
%        time       GFLOPS   |    time       GFLOPS     diff 
   480 8.4676e-03 2.6121e+01    3.2710e-01 6.7620e-01 3.5527e-13
   432 5.4125e-03 2.9791e+01    1.7855e-01 9.0306e-01 3.1264e-13
   384 3.7396e-03 3.0283e+01    3.0027e-01 3.7715e-01 1.9895e-13
   336 2.5258e-03 3.0037e+01    8.1790e-02 9.2757e-01 1.7053e-13
   288 1.5227e-03 3.1375e+01    5.7089e-02 8.3686e-01 1.1369e-13
   240 8.5860e-04 3.2201e+01    2.3868e-02 1.1584e+00 4.2633e-14
   192 4.3142e-04 3.2812e+01    1.6954e-02 8.3493e-01 2.8422e-14
   144 1.8334e-04 3.2574e+01    3.5507e-03 1.6819e+00 2.8422e-14
    96 6.3963e-05 2.7664e+01    1.1992e-03 1.4756e+00 1.4211e-14
    48 1.3890e-05 1.5924e+01    8.4392e-05 2.6209e+00 7.1054e-15
];

% Maximum difference between reference and your implementation: 3.552714e-13.
