% number of repeats:% 3
% enter first, last, inc:% 48 480 48 
data = [
%  n          reference      |         current implementation 
%        time       GFLOPS   |    time       GFLOPS     diff 
   480 1.0510e-02 2.1046e+01    3.0666e-02 7.2126e+00 3.4106e-13
   432 6.9685e-03 2.3139e+01    2.1349e-02 7.5527e+00 2.9843e-13
   384 4.9816e-03 2.2733e+01    1.5837e-02 7.1508e+00 2.1316e-13
   336 3.4114e-03 2.2239e+01    1.0035e-02 7.5600e+00 1.7053e-13
   288 2.1079e-03 2.2665e+01    6.5347e-03 7.3111e+00 1.1369e-13
   240 1.1121e-03 2.4861e+01    3.7859e-03 7.3030e+00 4.2633e-14
   192 5.8545e-04 2.4179e+01    1.9083e-03 7.4179e+00 2.8422e-14
   144 2.4796e-04 2.4085e+01    7.4018e-04 8.0682e+00 2.8422e-14
    96 9.0716e-05 1.9506e+01    2.2882e-04 7.7331e+00 1.4211e-14
    48 1.9644e-05 1.1260e+01    2.8176e-05 7.8501e+00 5.3291e-15
];

% Maximum difference between reference and your implementation: 3.410605e-13.
