% number of repeats:% 3
% enter first, last, inc:% 48 480 48 
data = [
%  n          reference      |         current implementation 
%        time       GFLOPS   |    time       GFLOPS     diff 
   480 9.9239e-03 2.2288e+01    9.2376e-02 2.3944e+00 3.5527e-13
   432 6.9186e-03 2.3306e+01    5.7866e-02 2.7865e+00 3.1264e-13
   384 5.1287e-03 2.2081e+01    5.4217e-02 2.0887e+00 2.2737e-13
   336 3.0320e-03 2.5022e+01    2.3094e-02 3.2851e+00 1.5632e-13
   288 1.8367e-03 2.6012e+01    1.5204e-02 3.1423e+00 1.1369e-13
   240 1.0425e-03 2.6520e+01    8.4571e-03 3.2692e+00 3.5527e-14
   192 5.0502e-04 2.8030e+01    4.7398e-03 2.9866e+00 2.8422e-14
   144 2.2438e-04 2.6615e+01    1.5142e-03 3.9440e+00 2.8422e-14
    96 7.8128e-05 2.2648e+01    4.8502e-04 3.6483e+00 1.0658e-14
    48 1.7407e-05 1.2707e+01    6.2723e-05 3.5264e+00 5.3291e-15
];

% Maximum difference between reference and your implementation: 3.552714e-13.
