% number of repeats:% 3
% enter first, last, inc:% 48 480 48 
data = [
%  n          reference      |         current implementation 
%        time       GFLOPS   |    time       GFLOPS     diff 
   480 9.8504e-03 2.2454e+01    8.8025e-02 2.5127e+00 3.5527e-13
   432 6.7960e-03 2.3726e+01    5.2326e-02 3.0815e+00 3.1264e-13
   384 4.4556e-03 2.5417e+01    5.1218e-02 2.2110e+00 2.2737e-13
   336 2.9126e-03 2.6047e+01    2.2710e-02 3.3407e+00 1.5632e-13
   288 1.8276e-03 2.6141e+01    1.5201e-02 3.1430e+00 1.1369e-13
   240 1.0484e-03 2.6372e+01    8.2592e-03 3.3475e+00 3.5527e-14
   192 5.3776e-04 2.6324e+01    4.4234e-03 3.2002e+00 2.8422e-14
   144 2.2422e-04 2.6635e+01    1.5485e-03 3.8567e+00 2.8422e-14
    96 7.8332e-05 2.2589e+01    4.7655e-04 3.7131e+00 1.0658e-14
    48 1.7018e-05 1.2997e+01    6.1482e-05 3.5975e+00 5.3291e-15
];

% Maximum difference between reference and your implementation: 3.552714e-13.
