% number of repeats:% 3
% enter first, last, inc:% 48 480 48 
data = [
%  n          reference      |         current implementation 
%        time       GFLOPS   |    time       GFLOPS     diff 
   480 9.6086e-03 2.3019e+01    2.8607e-02 7.7319e+00 3.4106e-13
   432 6.5845e-03 2.4488e+01    2.0846e-02 7.7351e+00 2.9843e-13
   384 4.7410e-03 2.3887e+01    1.4722e-02 7.6922e+00 2.1316e-13
   336 3.1578e-03 2.4025e+01    9.6208e-03 7.8857e+00 1.7053e-13
   288 1.9036e-03 2.5097e+01    6.2774e-03 7.6107e+00 1.1369e-13
   240 1.0834e-03 2.5520e+01    3.6635e-03 7.5468e+00 4.2633e-14
   192 5.5266e-04 2.5614e+01    1.7285e-03 8.1895e+00 2.8422e-14
   144 2.3607e-04 2.5297e+01    6.4053e-04 9.3234e+00 2.8422e-14
    96 8.4683e-05 2.0895e+01    2.0995e-04 8.4283e+00 1.4211e-14
    48 1.8654e-05 1.1857e+01    2.8320e-05 7.8102e+00 5.3291e-15
];

% Maximum difference between reference and your implementation: 3.410605e-13.
