% number of repeats:% 3
% enter first, last, inc:% 48 480 48 
data = [
%  n          reference      |         current implementation 
%        time       GFLOPS   |    time       GFLOPS     diff 
   480 1.9951e-02 1.1086e+01    6.1981e-02 3.5686e+00 3.5527e-13
   432 6.6736e-03 2.4161e+01    3.7340e-02 4.3182e+00 3.1264e-13
   384 4.5781e-03 2.4736e+01    2.5261e-02 4.4831e+00 1.9895e-13
   336 2.9432e-03 2.5776e+01    1.6460e-02 4.6090e+00 1.7053e-13
   288 1.8605e-03 2.5679e+01    1.0232e-02 4.6694e+00 1.1369e-13
   240 1.1110e-03 2.4885e+01    5.9493e-03 4.6473e+00 4.2633e-14
   192 6.0366e-04 2.3450e+01    2.9525e-03 4.7945e+00 2.8422e-14
   144 2.2630e-04 2.6389e+01    1.1637e-03 5.1320e+00 2.8422e-14
    96 8.8848e-05 1.9916e+01    3.4357e-04 5.1503e+00 1.4211e-14
    48 1.6851e-05 1.3126e+01    3.8619e-05 5.7273e+00 7.1054e-15
];

% Maximum difference between reference and your implementation: 3.552714e-13.
