% number of repeats:% 3
% enter first, last, inc:% 48 480 48 
data = [
%  n          reference      |         current implementation 
%        time       GFLOPS   |    time       GFLOPS     diff 
   480 1.0208e-02 2.1667e+01    5.8723e-02 3.7666e+00 3.4106e-13
   432 7.2873e-03 2.2127e+01    3.8869e-02 4.1484e+00 2.9843e-13
   384 4.9530e-03 2.2864e+01    2.7525e-02 4.1142e+00 2.1316e-13
   336 3.3504e-03 2.2644e+01    1.6056e-02 4.7251e+00 1.7053e-13
   288 1.9264e-03 2.4800e+01    1.0043e-02 4.7571e+00 1.1369e-13
   240 1.0931e-03 2.5292e+01    5.8147e-03 4.7549e+00 4.2633e-14
   192 5.5901e-04 2.5323e+01    2.7119e-03 5.2198e+00 2.8422e-14
   144 2.3525e-04 2.5386e+01    1.0749e-03 5.5557e+00 2.8422e-14
    96 8.2020e-05 2.1574e+01    3.1294e-04 5.6544e+00 1.4211e-14
    48 1.7064e-05 1.2962e+01    3.8298e-05 5.7753e+00 5.3291e-15
];

% Maximum difference between reference and your implementation: 3.410605e-13.
