% number of repeats:% 3
% enter first, last, inc:% 48 480 48 
data = [
%  n          reference      |         current implementation 
%        time       GFLOPS   |    time       GFLOPS     diff 
   480 9.9424e-03 2.2247e+01    5.7680e-02 3.8347e+00 3.4106e-13
   432 7.2313e-03 2.2298e+01    4.0481e-02 3.9832e+00 2.9843e-13
   384 5.2901e-03 2.1407e+01    2.6780e-02 4.2287e+00 2.1316e-13
   336 3.1851e-03 2.3819e+01    1.7076e-02 4.4429e+00 1.7053e-13
   288 2.0951e-03 2.2803e+01    1.0325e-02 4.6271e+00 1.1369e-13
   240 1.0934e-03 2.5287e+01    5.8599e-03 4.7182e+00 4.2633e-14
   192 5.5531e-04 2.5492e+01    2.7001e-03 5.2427e+00 2.8422e-14
   144 2.3516e-04 2.5396e+01    1.0787e-03 5.5362e+00 2.8422e-14
    96 8.2191e-05 2.1529e+01    3.3054e-04 5.3532e+00 1.4211e-14
    48 1.7786e-05 1.2436e+01    4.1760e-05 5.2966e+00 5.3291e-15
];

% Maximum difference between reference and your implementation: 3.410605e-13.
