% number of repeats:% 3
% enter first, last, inc:% 48 480 48 
data = [
%  n          reference      |         current implementation 
%        time       GFLOPS   |    time       GFLOPS     diff 
   480 9.2743e-03 2.3849e+01    3.3825e-01 6.5391e-01 3.5527e-13
   432 5.9191e-03 2.7241e+01    1.7537e-01 9.1942e-01 3.1264e-13
   384 3.8889e-03 2.9120e+01    3.0541e-01 3.7080e-01 1.9895e-13
   336 2.5062e-03 3.0271e+01    7.6493e-02 9.9181e-01 1.7053e-13
   288 1.5354e-03 3.1116e+01    5.1160e-02 9.3385e-01 1.1369e-13
   240 8.2092e-04 3.3679e+01    2.2768e-02 1.2144e+00 4.2633e-14
   192 4.1233e-04 3.4331e+01    1.9933e-02 7.1015e-01 2.8422e-14
   144 1.8999e-04 3.1434e+01    3.6267e-03 1.6467e+00 2.8422e-14
    96 6.6143e-05 2.6752e+01    1.1328e-03 1.5620e+00 1.4211e-14
    48 1.4188e-05 1.5590e+01    8.7784e-05 2.5196e+00 7.1054e-15
];

% Maximum difference between reference and your implementation: 3.552714e-13.
