% number of repeats:% 3
% enter first, last, inc:% 48 480 48 
data = [
%  n          reference      |         current implementation 
%        time       GFLOPS   |    time       GFLOPS     diff 
   480 7.8710e-03 2.8101e+01    2.1211e-01 1.0428e+00 3.5527e-13
   432 5.6411e-03 2.8583e+01    1.2604e-01 1.2793e+00 3.1264e-13
   384 3.7425e-03 3.0259e+01    9.8101e-02 1.1544e+00 1.9895e-13
   336 2.4968e-03 3.0385e+01    5.7501e-02 1.3194e+00 1.7053e-13
   288 1.5133e-03 3.1570e+01    3.5916e-02 1.3302e+00 1.1369e-13
   240 8.6367e-04 3.2012e+01    2.0912e-02 1.3221e+00 4.2633e-14
   192 4.4840e-04 3.1570e+01    1.0674e-02 1.3263e+00 2.8422e-14
   144 1.9038e-04 3.1368e+01    4.0666e-03 1.4686e+00 2.8422e-14
    96 6.6558e-05 2.6585e+01    1.2083e-03 1.4644e+00 1.4211e-14
    48 1.3803e-05 1.6024e+01    1.1046e-04 2.0023e+00 7.1054e-15
];

% Maximum difference between reference and your implementation: 3.552714e-13.
