% number of repeats:% 3
% enter first, last, inc:% 48 480 48 
data = [
%  n          reference      |         current implementation 
%        time       GFLOPS   |    time       GFLOPS     diff 
   480 8.0796e-03 2.7376e+01    4.4186e-02 5.0057e+00 3.5527e-13
   432 5.4458e-03 2.9609e+01    3.1249e-02 5.1599e+00 3.1264e-13
   384 3.8621e-03 2.9322e+01    2.2602e-02 5.0104e+00 1.9895e-13
   336 2.6050e-03 2.9123e+01    1.4753e-02 5.1424e+00 1.7053e-13
   288 1.6432e-03 2.9075e+01    9.2535e-03 5.1630e+00 1.1369e-13
   240 8.7789e-04 3.1494e+01    5.2761e-03 5.2402e+00 4.2633e-14
   192 4.6122e-04 3.0692e+01    2.5381e-03 5.5772e+00 2.8422e-14
   144 1.9786e-04 3.0182e+01    1.0364e-03 5.7622e+00 2.8422e-14
    96 7.1604e-05 2.4712e+01    3.0247e-04 5.8501e+00 1.4211e-14
    48 1.4740e-05 1.5006e+01    3.5913e-05 6.1589e+00 7.1054e-15
];

% Maximum difference between reference and your implementation: 3.552714e-13.
