% number of repeats:% 3
% enter first, last, inc:% 48 480 48 
data = [
%  n          reference      |         current implementation 
%        time       GFLOPS   |    time       GFLOPS     diff 
   480 1.1159e-02 1.9821e+01    3.5021e-02 6.3158e+00 3.4106e-13
   432 7.4144e-03 2.1747e+01    2.2596e-02 7.1358e+00 2.9843e-13
   384 5.3448e-03 2.1188e+01    1.6420e-02 6.8970e+00 2.1316e-13
   336 3.7592e-03 2.0182e+01    1.0725e-02 7.0739e+00 1.7053e-13
   288 2.1922e-03 2.1794e+01    6.6612e-03 7.1722e+00 1.1369e-13
   240 1.1208e-03 2.4668e+01    3.8412e-03 7.1977e+00 4.2633e-14
   192 9.5625e-04 1.4803e+01    2.4173e-03 5.8560e+00 2.8422e-14
   144 3.4089e-04 1.7519e+01    7.3515e-04 8.1235e+00 2.8422e-14
    96 9.4007e-05 1.8823e+01    3.6793e-04 4.8093e+00 1.4211e-14
    48 2.0061e-05 1.1026e+01    2.8109e-05 7.8688e+00 5.3291e-15
];

% Maximum difference between reference and your implementation: 3.410605e-13.
