% number of repeats:% 3
% enter first, last, inc:% 48 480 48 
data = [
%  n          reference      |         current implementation 
%        time       GFLOPS   |    time       GFLOPS     diff 
   480 9.8207e-03 2.2522e+01    2.1733e-01 1.0177e+00 3.5527e-13
   432 6.0402e-03 2.6695e+01    1.4154e-01 1.1392e+00 3.1264e-13
   384 4.0594e-03 2.7897e+01    1.1484e-01 9.8615e-01 1.9895e-13
   336 2.6107e-03 2.9060e+01    6.0620e-02 1.2515e+00 1.7053e-13
   288 1.5908e-03 3.0032e+01    3.8062e-02 1.2552e+00 1.1369e-13
   240 9.0606e-04 3.0515e+01    2.0931e-02 1.3209e+00 4.2633e-14
   192 4.4542e-04 3.1781e+01    1.0971e-02 1.2903e+00 2.8422e-14
   144 1.9882e-04 3.0038e+01    4.2353e-03 1.4101e+00 2.8422e-14
    96 6.6896e-05 2.6451e+01    1.2096e-03 1.4628e+00 1.4211e-14
    48 1.4358e-05 1.5405e+01    1.1491e-04 1.9248e+00 7.1054e-15
];

% Maximum difference between reference and your implementation: 3.552714e-13.
