% number of repeats:% 3
% enter first, last, inc:% 48 480 48 
data = [
%  n          reference      |         current implementation 
%        time       GFLOPS   |    time       GFLOPS     diff 
   480 9.7006e-03 2.2801e+01    5.1391e-02 4.3040e+00 3.5527e-13
   432 5.9101e-03 2.7282e+01    3.6880e-02 4.3721e+00 3.1264e-13
   384 4.0061e-03 2.8268e+01    2.8400e-02 3.9875e+00 1.9895e-13
   336 2.8507e-03 2.6613e+01    1.6320e-02 4.6487e+00 1.7053e-13
   288 1.6423e-03 2.9090e+01    1.0225e-02 4.6725e+00 1.1369e-13
   240 9.3489e-04 2.9573e+01    5.7176e-03 4.8356e+00 4.2633e-14
   192 4.6002e-04 3.0772e+01    3.1195e-03 4.5378e+00 2.8422e-14
   144 3.2593e-04 1.8323e+01    1.6699e-03 3.5762e+00 2.8422e-14
    96 7.7074e-05 2.2958e+01    4.7213e-04 3.7478e+00 1.4211e-14
    48 2.7199e-05 8.1321e+00    5.8964e-05 3.7512e+00 7.1054e-15
];

% Maximum difference between reference and your implementation: 3.552714e-13.
