% number of repeats:% 3
% enter first, last, inc:% 48 1488 48 
data = [
%  n          reference      |         current implementation 
%        time       GFLOPS   |    time       GFLOPS     diff 
  1488 2.6909e-01 2.4487e+01    2.6410e+00 2.4950e+00 2.1600e-12
  1440 2.0564e-01 2.9040e+01    2.3810e+00 2.5081e+00 2.1032e-12
  1392 1.9521e-01 2.7634e+01    2.1614e+00 2.4958e+00 1.9327e-12
  1344 1.6818e-01 2.8871e+01    1.9569e+00 2.4812e+00 1.7621e-12
  1296 1.5473e-01 2.8136e+01    1.7692e+00 2.4607e+00 1.8758e-12
  1248 1.4772e-01 2.6317e+01    1.7420e+00 2.2317e+00 1.5916e-12
  1200 1.5264e-01 2.2641e+01    1.4113e+00 2.4489e+00 1.5348e-12
  1152 1.4582e-01 2.0968e+01    1.3219e+00 2.3130e+00 1.4211e-12
  1104 9.4574e-02 2.8456e+01    1.1289e+00 2.3839e+00 1.3074e-12
  1056 8.2086e-02 2.8691e+01    9.7017e-01 2.4276e+00 1.1937e-12
  1008 7.1868e-02 2.8502e+01    7.8918e-01 2.5956e+00 1.0232e-12
   960 5.9626e-02 2.9676e+01    6.7515e-01 2.6209e+00 9.9476e-13
   912 5.1385e-02 2.9524e+01    6.0107e-01 2.5240e+00 1.0800e-12
   864 4.6704e-02 2.7619e+01    4.9217e-01 2.6209e+00 8.5265e-13
   816 4.0745e-02 2.6670e+01    4.0722e-01 2.6685e+00 7.9581e-13
   768 3.7700e-02 2.4031e+01    3.1947e-01 2.8358e+00 7.3896e-13
   720 2.6866e-02 2.7786e+01    2.4354e-01 3.0652e+00 6.8212e-13
   672 3.0798e-02 1.9707e+01    2.1035e-01 2.8853e+00 5.9686e-13
   624 1.8569e-02 2.6170e+01    1.6109e-01 3.0166e+00 5.4001e-13
   576 1.4081e-02 2.7144e+01    9.7870e-02 3.9052e+00 4.8317e-13
   528 1.0822e-02 2.7205e+01    7.0583e-02 4.1709e+00 4.2633e-13
   480 8.3679e-03 2.6433e+01    8.1276e-02 2.7214e+00 3.1264e-13
   432 1.2074e-02 1.3355e+01    4.0142e-02 4.0168e+00 2.7001e-13
   384 4.0847e-03 2.7724e+01    2.2479e-02 5.0379e+00 2.2737e-13
   336 2.7337e-03 2.7752e+01    1.4535e-02 5.2197e+00 1.7053e-13
   288 1.7073e-03 2.7983e+01    9.3534e-03 5.1078e+00 1.1369e-13
   240 8.9191e-04 3.0999e+01    5.3784e-03 5.1405e+00 4.2633e-14
   192 5.3345e-04 2.6536e+01    2.6217e-03 5.3994e+00 3.5527e-14
   144 2.0666e-04 2.8897e+01    1.0514e-03 5.6802e+00 2.8422e-14
    96 6.8924e-05 2.5673e+01    3.0473e-04 5.8067e+00 1.4211e-14
    48 1.5367e-05 1.4393e+01    3.7420e-05 5.9108e+00 7.1054e-15
];

% Maximum difference between reference and your implementation: 2.160050e-12.
