% number of repeats:% 3
% enter first, last, inc:% 48 1488 48 
data = [
%  n          reference      |         current implementation 
%        time       GFLOPS   |    time       GFLOPS     diff 
  1488 1.8893e-01 3.4877e+01    1.6348e+00 4.0306e+00 2.1600e-12
  1440 1.6946e-01 3.5242e+01    1.4910e+00 4.0052e+00 2.1032e-12
  1392 1.5349e-01 3.5146e+01    1.2913e+00 4.1776e+00 1.9327e-12
  1344 1.3741e-01 3.5335e+01    1.1733e+00 4.1382e+00 1.7621e-12
  1296 1.2516e-01 3.4785e+01    1.0094e+00 4.3131e+00 1.8758e-12
  1248 1.1040e-01 3.5214e+01    9.1092e-01 4.2677e+00 1.5916e-12
  1200 9.8530e-02 3.5076e+01    8.3307e-01 4.1485e+00 1.5348e-12
  1152 8.7709e-02 3.4861e+01    7.9525e-01 3.8449e+00 1.4211e-12
  1104 7.8966e-02 3.4080e+01    7.0545e-01 3.8148e+00 1.3074e-12
  1056 6.8489e-02 3.4387e+01    6.1635e-01 3.8212e+00 1.1937e-12
  1008 5.8587e-02 3.4963e+01    6.2647e-01 3.2697e+00 1.0232e-12
   960 5.9938e-02 2.9522e+01    6.3972e-01 2.7660e+00 9.9476e-13
   912 5.4305e-02 2.7937e+01    4.7573e-01 3.1890e+00 1.0800e-12
   864 3.9837e-02 3.2381e+01    4.1265e-01 3.1260e+00 8.5265e-13
   816 3.4001e-02 3.1960e+01    3.1257e-01 3.4765e+00 7.9581e-13
   768 3.0754e-02 2.9458e+01    2.7890e-01 3.2484e+00 7.3896e-13
   720 2.3297e-02 3.2042e+01    2.0241e-01 3.6881e+00 6.8212e-13
   672 2.2562e-02 2.6901e+01    1.6078e-01 3.7750e+00 5.9686e-13
   624 1.5014e-02 3.2365e+01    1.0082e-01 4.8201e+00 5.4001e-13
   576 1.0931e-02 3.4965e+01    8.0131e-02 4.7697e+00 4.8317e-13
   528 8.7816e-03 3.3524e+01    5.4512e-02 5.4006e+00 4.2633e-13
   480 6.2363e-03 3.5467e+01    4.2114e-02 5.2520e+00 3.1264e-13
   432 4.5910e-03 3.5122e+01    2.7533e-02 5.8563e+00 2.7001e-13
   384 3.3067e-03 3.4247e+01    2.0834e-02 5.4356e+00 2.2737e-13
   336 2.1828e-03 3.4756e+01    1.3125e-02 5.7805e+00 1.7053e-13
   288 1.3773e-03 3.4689e+01    7.2754e-03 6.5668e+00 1.1369e-13
   240 1.3549e-03 2.0406e+01    5.1674e-03 5.3505e+00 4.2633e-14
   192 4.6556e-04 3.0406e+01    2.1076e-03 6.7167e+00 3.5527e-14
   144 1.7664e-04 3.3809e+01    8.3333e-04 7.1664e+00 2.8422e-14
    96 6.1581e-05 2.8734e+01    2.4753e-04 7.1486e+00 1.4211e-14
    48 1.3197e-05 1.6760e+01    2.8782e-05 7.6848e+00 7.1054e-15
];

% Maximum difference between reference and your implementation: 2.160050e-12.
